0.7934311884079416
0.7409104848938383
0.5837790074888191
0.9804575362484361
0.7538172091480567
0.7802304744515157
0.7295663014918644
0.6059503590629064
0.5984789727712422
0.39616466576564846
0.8936245234539218
0.8798772773299025
0.34342680520185886
0.6323009458065333
0.8044418758031301
0.7443226125947339
0.9267359281441115
0.6889756890131754
0.759209593825317
0.5029954711125016
0.6739312969885586
0.7736763006487005
0.31258909090993015
0.35832803254294
0.8259079132796064
0.9096597821334872
0.5592312839327275
0.7299460021502487
0.4180584752683777
0.6812079868654547
0.7384933319799333
0.33105096020467506
0.5693342283822628
0.4483157930748475
0.6860000807888821
0.7457310862323484
0.44682567034073706
0.31912997833182366
0.624901408595213
0.5567831960714774
0.4180584752683777
0.40017700245908727
0.652442449859662
0.9988073880673117
0.14511494820443618
0.49671672864414773
0.48213375283499704
0.7457545316251951
0.6312101087608281
0.3285255778607813
0.3385015738752174
0.717403035225061
0.7351142182258082
0.4955448574419651
0.8149338185000489
0.48958436650553494
0.8561880293880121
0.44235530213841645
0.46872264822802856
0.09892114344710282
0.45576640674538627
0.4861492579129981
0.47766338463267466
0.31556933637814566
0.32405520965846335
0.48213375283499704
0.7919390537045149
0.6664298640312837
0.5000152256442866
0.5736881182993309
0.731305157395977
0.32211022380004095
0.6051772120530793
0.5660885128779832
0.4051022337857314
0.8270428610325123
0.8346990634516586
0.6697977879750731
0.7532633489993791
0.7532633489993791
0.47617326189856823
0.6706396146946457
0.4702127709621372
0.4742282760401385
0.2768261452913475
0.49852510291018015
0.43490468846787944
0.49852510291018015
0.3971967569908713
0.3738096563694756
0.7517057398836132
0.4180584752683777
0.8432482022399114
0.5070109761905021
0.471248030571923
0.8283819800464919
0.5293628172021138
0.46425228002570706
0.4538214208869563
0.4414455758897743
0.4200034611268072
0.42641881518756086
0.34847756988965084
0.39959660597362656
0.525347312124114
0.8209313663759541
0.5085010989246096
0.47170289369624496
0.44442582135798914
0.3320862198144673
0.4314695798753435
0.42699921167302113
0.6938159706481696
0.5104460847830382
0.5865579908983801
0.6901907097817109
0.5500576740297508
0.8307124334813499
0.7278859565948687
0.5436601699818561
0.4404103162799883
0.3702490144157985
0.48064363010089106
0.39272638878855026
0.37082941090126276
0.7458414195144137
0.4791535073667833
0.4846591351788899
0.7628136892233865
0.4563468032308492
0.4731930164303527
0.40406697417594273
0.6841681789608519
0.4016671251931946
0.44293569862388205
0.3559281835601861
0.7163517687357487
0.717480932021087
0.387220760976441
0.6468433439829199
0.5149164529853588
0.7102056166267471
0.4736478795546749
0.4289441975314502
0.5444666495301601
0.574639931505115
0.3742645194938
0.7339107485676365
0.37529977910358336
0.665204131390185
0.42641881518756086
0.7116185420046602
0.5621455173524775
0.40911773886373337
